Core0-TP	Core1-TP	Core2-TP	Core3-TP	Core4-TP	Core5-TP	Core6-TP	Core7-TP	Core8-TP	Core9-TP	Core10-TP	Core11-TP	Core12-TP	Core13-TP	Core14-TP	Core15-TP	Core16-TP	Core17-TP	Core18-TP	Core19-TP	Core20-TP	Core21-TP	Core22-TP	Core23-TP	Core24-TP	Core25-TP	Core26-TP	Core27-TP	Core28-TP	Core29-TP	Core30-TP	Core31-TP	Core32-TP	Core33-TP	Core34-TP	Core35-TP	Core36-TP	Core37-TP	Core38-TP	Core39-TP	Core40-TP	Core41-TP	Core42-TP	Core43-TP	Core44-TP	Core45-TP	Core46-TP	Core47-TP	Core48-TP	Core49-TP	Core50-TP	Core51-TP	Core52-TP	Core53-TP	Core54-TP	Core55-TP	Core56-TP	Core57-TP	Core58-TP	Core59-TP	Core60-TP	Core61-TP	Core62-TP	Core63-TP	
48.57	46.89	46.78	46.78	46.78	46.78	46.78	46.78	46.89	46.79	46.78	46.78	46.78	46.78	46.78	46.78	46.78	46.78	46.78	46.78	46.78	46.78	46.78	46.78	46.78	46.78	46.78	46.78	46.78	46.78	46.78	46.78	46.78	46.78	46.78	46.78	46.78	46.78	46.78	46.78	46.78	46.78	46.78	46.78	46.78	46.78	46.78	46.78	46.78	46.78	46.78	46.78	46.78	46.78	46.78	46.78	46.78	46.78	46.78	46.78	46.78	46.78	46.78	46.78
49.50	47.51	47.32	47.30	47.30	47.30	47.30	47.29	47.51	47.34	47.31	47.31	47.31	47.31	47.31	47.30	47.32	47.31	47.31	47.31	47.31	47.31	47.31	47.30	47.30	47.31	47.31	47.31	47.31	47.31	47.31	47.30	47.30	47.31	47.31	47.31	47.31	47.31	47.31	47.30	47.30	47.31	47.31	47.31	47.31	47.31	47.31	47.30	47.30	47.31	47.31	47.31	47.31	47.31	47.31	47.30	47.29	47.30	47.30	47.30	47.30	47.30	47.30	47.29
49.72	47.77	47.56	47.54	47.53	47.53	47.53	47.51	47.77	47.60	47.56	47.55	47.55	47.55	47.54	47.53	47.56	47.56	47.56	47.55	47.55	47.55	47.55	47.53	47.54	47.55	47.55	47.56	47.55	47.55	47.55	47.53	47.53	47.55	47.55	47.55	47.55	47.55	47.55	47.53	47.53	47.55	47.55	47.55	47.55	47.55	47.55	47.53	47.53	47.54	47.55	47.55	47.55	47.55	47.54	47.53	47.51	47.53	47.53	47.53	47.53	47.53	47.53	47.51
50.09	47.94	47.71	47.68	47.67	47.67	47.66	47.64	47.94	47.75	47.71	47.70	47.70	47.70	47.68	47.66	47.71	47.71	47.71	47.71	47.71	47.70	47.70	47.67	47.68	47.70	47.71	47.71	47.71	47.71	47.70	47.67	47.67	47.70	47.71	47.71	47.71	47.71	47.70	47.67	47.67	47.70	47.70	47.71	47.71	47.70	47.70	47.67	47.66	47.68	47.70	47.70	47.70	47.70	47.68	47.66	47.64	47.66	47.67	47.67	47.67	47.67	47.66	47.64
50.20	48.05	47.81	47.77	47.77	47.76	47.75	47.72	48.05	47.86	47.82	47.81	47.80	47.80	47.78	47.75	47.81	47.82	47.82	47.82	47.82	47.81	47.80	47.76	47.77	47.81	47.82	47.82	47.82	47.82	47.80	47.77	47.77	47.80	47.82	47.82	47.82	47.82	47.80	47.77	47.76	47.80	47.81	47.82	47.82	47.81	47.80	47.76	47.75	47.78	47.80	47.80	47.80	47.80	47.78	47.75	47.72	47.75	47.76	47.77	47.77	47.76	47.75	47.72
50.28	48.12	47.88	47.85	47.84	47.83	47.81	47.78	48.12	47.94	47.90	47.88	47.88	47.87	47.85	47.81	47.88	47.90	47.90	47.90	47.90	47.89	47.87	47.83	47.85	47.88	47.90	47.90	47.90	47.89	47.88	47.84	47.84	47.88	47.90	47.90	47.90	47.89	47.88	47.84	47.83	47.87	47.89	47.89	47.89	47.89	47.87	47.83	47.81	47.85	47.87	47.88	47.88	47.87	47.85	47.81	47.78	47.81	47.83	47.84	47.84	47.83	47.81	47.78
50.30	48.17	47.93	47.90	47.89	47.88	47.86	47.82	48.17	48.00	47.95	47.94	47.94	47.93	47.90	47.86	47.93	47.95	47.96	47.96	47.96	47.95	47.93	47.88	47.90	47.94	47.96	47.96	47.96	47.95	47.93	47.89	47.89	47.94	47.96	47.96	47.96	47.95	47.93	47.89	47.88	47.93	47.95	47.95	47.95	47.95	47.93	47.88	47.86	47.90	47.93	47.93	47.93	47.93	47.90	47.86	47.82	47.86	47.88	47.89	47.89	47.88	47.86	47.82
50.24	48.20	47.97	47.94	47.93	47.92	47.90	47.85	48.20	48.04	48.00	47.99	47.98	47.97	47.95	47.90	47.97	48.00	48.01	48.01	48.00	47.99	47.97	47.92	47.94	47.99	48.01	48.01	48.01	48.00	47.98	47.92	47.93	47.98	48.00	48.01	48.01	48.00	47.98	47.92	47.92	47.97	47.99	48.00	48.00	47.99	47.97	47.92	47.90	47.95	47.97	47.98	47.98	47.97	47.95	47.90	47.85	47.90	47.92	47.92	47.92	47.92	47.90	47.85
50.20	48.22	48.00	47.97	47.96	47.95	47.93	47.88	48.22	48.07	48.03	48.02	48.01	48.00	47.98	47.93	48.00	48.03	48.04	48.04	48.04	48.03	48.00	47.95	47.97	48.02	48.04	48.05	48.05	48.04	48.01	47.95	47.96	48.01	48.04	48.05	48.04	48.04	48.01	47.95	47.95	48.00	48.03	48.04	48.04	48.03	48.00	47.95	47.93	47.98	48.00	48.01	48.01	48.00	47.98	47.93	47.88	47.93	47.95	47.95	47.95	47.95	47.93	47.88
50.47	48.26	48.03	47.99	47.98	47.97	47.95	47.90	48.26	48.09	48.06	48.05	48.04	48.03	48.00	47.95	48.03	48.06	48.07	48.07	48.07	48.06	48.03	47.97	47.99	48.05	48.07	48.08	48.07	48.06	48.04	47.98	47.98	48.04	48.07	48.07	48.07	48.06	48.04	47.98	47.97	48.03	48.06	48.06	48.06	48.06	48.03	47.97	47.95	48.00	48.03	48.04	48.04	48.03	48.00	47.95	47.90	47.95	47.97	47.98	47.98	47.97	47.95	47.90
50.33	48.28	48.05	48.01	48.00	47.99	47.97	47.91	48.28	48.11	48.08	48.07	48.06	48.05	48.02	47.97	48.05	48.08	48.09	48.09	48.09	48.08	48.05	47.99	48.01	48.07	48.09	48.10	48.10	48.09	48.06	48.00	48.00	48.06	48.09	48.10	48.10	48.09	48.06	48.00	47.99	48.05	48.08	48.09	48.09	48.08	48.05	47.99	47.97	48.02	48.05	48.06	48.06	48.05	48.02	47.97	47.91	47.97	47.99	48.00	48.00	47.99	47.97	47.91
50.47	48.30	48.06	48.03	48.02	48.01	47.98	47.92	48.30	48.13	48.10	48.09	48.08	48.07	48.04	47.98	48.06	48.10	48.11	48.11	48.11	48.10	48.07	48.01	48.03	48.09	48.11	48.12	48.12	48.11	48.08	48.02	48.02	48.08	48.11	48.12	48.12	48.11	48.08	48.02	48.01	48.07	48.10	48.11	48.11	48.10	48.07	48.01	47.98	48.04	48.07	48.08	48.08	48.07	48.04	47.98	47.92	47.98	48.01	48.02	48.02	48.01	47.98	47.92
50.25	48.30	48.08	48.04	48.03	48.02	47.99	47.93	48.30	48.15	48.11	48.10	48.10	48.08	48.05	47.99	48.08	48.11	48.13	48.13	48.13	48.12	48.08	48.02	48.04	48.10	48.13	48.14	48.14	48.13	48.09	48.03	48.03	48.10	48.13	48.14	48.14	48.13	48.09	48.03	48.02	48.08	48.12	48.13	48.13	48.12	48.08	48.02	47.99	48.05	48.08	48.09	48.09	48.08	48.05	47.99	47.93	47.99	48.02	48.03	48.03	48.02	47.99	47.93
50.59	48.32	48.09	48.05	48.04	48.03	48.00	47.94	48.32	48.16	48.13	48.12	48.11	48.10	48.06	48.00	48.09	48.13	48.14	48.14	48.14	48.13	48.09	48.03	48.05	48.12	48.14	48.15	48.15	48.14	48.11	48.04	48.04	48.11	48.14	48.15	48.15	48.14	48.11	48.04	48.03	48.10	48.13	48.14	48.14	48.13	48.09	48.03	48.00	48.06	48.09	48.11	48.11	48.09	48.06	48.00	47.94	48.00	48.03	48.04	48.04	48.03	48.00	47.94
50.27	48.32	48.10	48.07	48.06	48.04	48.01	47.95	48.32	48.17	48.14	48.13	48.12	48.11	48.07	48.01	48.10	48.14	48.16	48.16	48.15	48.14	48.10	48.04	48.07	48.13	48.16	48.17	48.17	48.15	48.12	48.05	48.06	48.12	48.15	48.17	48.16	48.15	48.12	48.05	48.04	48.11	48.14	48.15	48.15	48.14	48.10	48.04	48.01	48.07	48.10	48.12	48.12	48.10	48.07	48.01	47.95	48.01	48.04	48.05	48.05	48.04	48.01	47.95
50.23	48.32	48.11	48.08	48.07	48.05	48.02	47.96	48.32	48.18	48.15	48.14	48.13	48.12	48.08	48.02	48.11	48.15	48.17	48.17	48.17	48.15	48.11	48.05	48.08	48.14	48.17	48.18	48.18	48.16	48.13	48.06	48.07	48.13	48.17	48.18	48.18	48.16	48.13	48.06	48.05	48.12	48.15	48.16	48.16	48.15	48.11	48.05	48.02	48.08	48.11	48.13	48.13	48.11	48.08	48.02	47.96	48.02	48.05	48.06	48.06	48.05	48.02	47.96
50.85	48.36	48.12	48.09	48.08	48.06	48.03	47.97	48.36	48.19	48.16	48.15	48.14	48.13	48.09	48.03	48.12	48.16	48.18	48.18	48.18	48.16	48.13	48.06	48.09	48.15	48.18	48.19	48.19	48.18	48.14	48.07	48.08	48.14	48.18	48.19	48.19	48.17	48.14	48.07	48.06	48.13	48.16	48.18	48.17	48.16	48.13	48.06	48.03	48.09	48.13	48.14	48.14	48.13	48.09	48.03	47.97	48.03	48.06	48.07	48.07	48.06	48.03	47.97
50.33	48.36	48.13	48.10	48.09	48.07	48.04	47.98	48.36	48.20	48.17	48.16	48.15	48.14	48.10	48.04	48.13	48.17	48.19	48.19	48.19	48.17	48.14	48.07	48.10	48.16	48.19	48.20	48.20	48.19	48.15	48.08	48.09	48.15	48.19	48.20	48.20	48.19	48.15	48.08	48.07	48.14	48.17	48.19	48.19	48.17	48.14	48.07	48.04	48.10	48.14	48.15	48.15	48.14	48.10	48.04	47.98	48.04	48.07	48.08	48.08	48.07	48.04	47.98
50.58	48.37	48.14	48.11	48.10	48.08	48.05	47.98	48.37	48.21	48.18	48.17	48.16	48.15	48.11	48.05	48.14	48.18	48.20	48.21	48.20	48.18	48.15	48.08	48.11	48.17	48.21	48.22	48.21	48.20	48.16	48.09	48.10	48.16	48.20	48.21	48.21	48.20	48.16	48.09	48.08	48.15	48.18	48.20	48.20	48.18	48.15	48.08	48.05	48.11	48.15	48.16	48.16	48.15	48.11	48.05	47.98	48.05	48.08	48.09	48.09	48.08	48.05	47.98
50.34	48.37	48.15	48.12	48.11	48.09	48.05	47.99	48.37	48.22	48.19	48.19	48.18	48.16	48.12	48.05	48.15	48.19	48.21	48.22	48.21	48.20	48.16	48.09	48.12	48.19	48.22	48.23	48.23	48.21	48.17	48.10	48.11	48.18	48.21	48.23	48.22	48.21	48.17	48.10	48.09	48.16	48.20	48.21	48.21	48.19	48.16	48.09	48.05	48.12	48.16	48.17	48.17	48.16	48.12	48.05	47.99	48.05	48.09	48.10	48.10	48.09	48.05	47.99
50.77	48.40	48.16	48.13	48.12	48.10	48.06	48.00	48.40	48.23	48.20	48.20	48.19	48.17	48.13	48.06	48.16	48.20	48.22	48.23	48.22	48.21	48.17	48.10	48.13	48.20	48.23	48.24	48.24	48.22	48.18	48.11	48.12	48.19	48.22	48.24	48.23	48.22	48.18	48.11	48.10	48.17	48.21	48.22	48.22	48.20	48.17	48.10	48.06	48.13	48.17	48.18	48.18	48.17	48.13	48.06	48.00	48.06	48.10	48.11	48.11	48.10	48.06	48.00
50.42	48.40	48.17	48.14	48.13	48.11	48.07	48.01	48.40	48.24	48.21	48.21	48.20	48.18	48.14	48.07	48.17	48.21	48.23	48.24	48.23	48.22	48.18	48.10	48.14	48.21	48.24	48.25	48.25	48.23	48.19	48.12	48.13	48.20	48.23	48.25	48.24	48.23	48.19	48.12	48.11	48.18	48.22	48.23	48.23	48.21	48.18	48.10	48.07	48.14	48.18	48.19	48.19	48.18	48.14	48.07	48.01	48.07	48.10	48.12	48.12	48.10	48.07	48.00
50.60	48.41	48.18	48.14	48.13	48.12	48.08	48.01	48.41	48.25	48.22	48.22	48.21	48.19	48.15	48.08	48.18	48.22	48.24	48.25	48.24	48.23	48.18	48.11	48.14	48.22	48.25	48.26	48.26	48.24	48.20	48.12	48.13	48.21	48.24	48.26	48.26	48.24	48.20	48.12	48.12	48.19	48.23	48.24	48.24	48.22	48.18	48.11	48.08	48.15	48.18	48.20	48.20	48.18	48.15	48.07	48.01	48.08	48.11	48.12	48.12	48.11	48.07	48.01
50.52	48.41	48.19	48.15	48.14	48.12	48.09	48.02	48.41	48.26	48.23	48.23	48.22	48.20	48.16	48.08	48.19	48.23	48.25	48.26	48.25	48.24	48.19	48.12	48.15	48.23	48.26	48.27	48.27	48.25	48.21	48.13	48.14	48.22	48.25	48.27	48.27	48.25	48.21	48.13	48.12	48.20	48.24	48.25	48.25	48.23	48.19	48.12	48.09	48.16	48.19	48.21	48.21	48.19	48.16	48.08	48.02	48.08	48.12	48.13	48.13	48.12	48.08	48.02
50.51	48.41	48.19	48.16	48.15	48.13	48.09	48.03	48.41	48.27	48.24	48.24	48.23	48.21	48.17	48.09	48.19	48.24	48.26	48.27	48.26	48.25	48.20	48.13	48.16	48.24	48.27	48.28	48.28	48.26	48.22	48.14	48.15	48.23	48.26	48.28	48.28	48.26	48.22	48.14	48.13	48.21	48.25	48.26	48.26	48.24	48.20	48.13	48.09	48.17	48.20	48.22	48.22	48.20	48.16	48.09	48.03	48.09	48.13	48.14	48.14	48.13	48.09	48.02
50.63	48.43	48.20	48.17	48.16	48.14	48.10	48.03	48.43	48.28	48.25	48.24	48.24	48.22	48.17	48.10	48.20	48.25	48.27	48.28	48.27	48.26	48.21	48.13	48.17	48.24	48.28	48.29	48.29	48.27	48.23	48.15	48.16	48.24	48.27	48.29	48.29	48.27	48.23	48.15	48.14	48.22	48.26	48.27	48.27	48.25	48.21	48.13	48.10	48.17	48.21	48.23	48.23	48.21	48.17	48.10	48.03	48.10	48.13	48.15	48.15	48.13	48.10	48.03
50.43	48.43	48.21	48.18	48.17	48.15	48.11	48.04	48.43	48.29	48.26	48.25	48.25	48.22	48.18	48.10	48.21	48.26	48.28	48.29	48.28	48.26	48.22	48.14	48.18	48.25	48.29	48.30	48.30	48.28	48.24	48.16	48.17	48.25	48.28	48.30	48.30	48.28	48.24	48.15	48.15	48.22	48.26	48.28	48.28	48.26	48.22	48.14	48.11	48.18	48.22	48.24	48.24	48.22	48.18	48.10	48.04	48.10	48.14	48.16	48.15	48.14	48.10	48.03
50.44	48.43	48.22	48.18	48.17	48.15	48.11	48.04	48.43	48.29	48.27	48.26	48.25	48.23	48.19	48.11	48.22	48.27	48.29	48.30	48.29	48.27	48.23	48.15	48.18	48.26	48.30	48.31	48.31	48.29	48.24	48.16	48.17	48.25	48.29	48.31	48.31	48.29	48.24	48.16	48.15	48.23	48.27	48.29	48.29	48.27	48.23	48.15	48.11	48.19	48.23	48.24	48.24	48.23	48.19	48.11	48.04	48.11	48.15	48.16	48.16	48.15	48.11	48.04
50.39	48.43	48.22	48.19	48.18	48.16	48.12	48.05	48.43	48.30	48.28	48.27	48.26	48.24	48.20	48.12	48.22	48.28	48.30	48.31	48.30	48.28	48.24	48.16	48.19	48.27	48.31	48.32	48.32	48.30	48.25	48.17	48.18	48.26	48.30	48.32	48.32	48.30	48.25	48.17	48.16	48.24	48.28	48.30	48.30	48.28	48.24	48.15	48.12	48.20	48.24	48.25	48.25	48.24	48.19	48.12	48.05	48.12	48.16	48.17	48.17	48.15	48.12	48.04
50.37	48.43	48.23	48.20	48.19	48.17	48.12	48.05	48.43	48.31	48.29	48.28	48.27	48.25	48.20	48.12	48.23	48.29	48.31	48.32	48.31	48.29	48.25	48.16	48.20	48.28	48.32	48.33	48.33	48.31	48.26	48.18	48.19	48.27	48.31	48.33	48.33	48.31	48.26	48.18	48.17	48.25	48.29	48.31	48.31	48.29	48.24	48.16	48.12	48.20	48.25	48.26	48.26	48.24	48.20	48.12	48.05	48.12	48.16	48.18	48.18	48.16	48.12	48.05
50.77	48.46	48.24	48.21	48.19	48.17	48.13	48.05	48.46	48.32	48.29	48.29	48.28	48.26	48.21	48.13	48.24	48.29	48.32	48.33	48.32	48.30	48.25	48.17	48.21	48.29	48.33	48.34	48.34	48.32	48.27	48.19	48.19	48.28	48.32	48.34	48.34	48.32	48.27	48.19	48.17	48.26	48.30	48.32	48.32	48.30	48.25	48.17	48.13	48.21	48.25	48.27	48.27	48.25	48.21	48.13	48.05	48.13	48.17	48.19	48.19	48.17	48.13	48.05
50.48	48.46	48.24	48.21	48.20	48.18	48.14	48.06	48.46	48.32	48.30	48.30	48.29	48.27	48.22	48.13	48.24	48.30	48.33	48.34	48.33	48.31	48.26	48.18	48.21	48.30	48.34	48.35	48.35	48.33	48.28	48.19	48.20	48.29	48.33	48.35	48.35	48.33	48.28	48.19	48.18	48.27	48.31	48.33	48.33	48.31	48.26	48.18	48.14	48.22	48.26	48.28	48.28	48.26	48.22	48.13	48.06	48.13	48.18	48.19	48.19	48.18	48.13	48.06
50.62	48.47	48.25	48.22	48.21	48.19	48.14	48.07	48.47	48.33	48.31	48.30	48.30	48.27	48.23	48.14	48.25	48.31	48.34	48.35	48.34	48.32	48.27	48.18	48.22	48.30	48.35	48.36	48.36	48.34	48.29	48.20	48.21	48.30	48.34	48.36	48.36	48.33	48.29	48.20	48.19	48.27	48.32	48.34	48.33	48.32	48.27	48.18	48.14	48.23	48.27	48.29	48.29	48.27	48.22	48.14	48.07	48.14	48.18	48.20	48.20	48.18	48.14	48.06
50.64	48.48	48.26	48.23	48.22	48.20	48.15	48.07	48.48	48.34	48.32	48.31	48.31	48.28	48.23	48.15	48.26	48.32	48.35	48.36	48.35	48.33	48.28	48.19	48.23	48.31	48.36	48.37	48.37	48.35	48.29	48.20	48.22	48.31	48.35	48.37	48.37	48.34	48.29	48.20	48.20	48.28	48.33	48.35	48.34	48.32	48.27	48.19	48.15	48.23	48.28	48.29	48.29	48.27	48.23	48.14	48.07	48.15	48.19	48.20	48.20	48.19	48.14	48.07
50.61	48.49	48.27	48.24	48.22	48.20	48.16	48.08	48.49	48.35	48.33	48.32	48.31	48.29	48.24	48.15	48.27	48.33	48.36	48.37	48.36	48.34	48.28	48.20	48.24	48.32	48.37	48.38	48.38	48.35	48.30	48.21	48.22	48.31	48.36	48.38	48.38	48.35	48.30	48.21	48.20	48.29	48.34	48.35	48.35	48.33	48.28	48.19	48.16	48.24	48.28	48.30	48.30	48.28	48.24	48.15	48.08	48.15	48.20	48.21	48.21	48.19	48.15	48.07
50.55	48.49	48.27	48.24	48.23	48.21	48.16	48.08	48.49	48.36	48.34	48.33	48.32	48.30	48.25	48.16	48.27	48.34	48.37	48.37	48.37	48.34	48.29	48.20	48.24	48.33	48.37	48.39	48.39	48.36	48.31	48.22	48.23	48.32	48.37	48.39	48.38	48.36	48.31	48.22	48.21	48.30	48.34	48.36	48.36	48.34	48.29	48.20	48.16	48.25	48.29	48.31	48.31	48.29	48.24	48.16	48.08	48.16	48.20	48.22	48.22	48.20	48.16	48.08
50.68	48.50	48.28	48.25	48.24	48.22	48.17	48.09	48.50	48.36	48.34	48.34	48.33	48.30	48.25	48.16	48.28	48.34	48.38	48.38	48.38	48.35	48.30	48.21	48.25	48.34	48.38	48.40	48.40	48.37	48.32	48.22	48.24	48.33	48.38	48.40	48.39	48.37	48.32	48.22	48.22	48.30	48.35	48.37	48.37	48.35	48.30	48.21	48.17	48.25	48.30	48.32	48.32	48.30	48.25	48.16	48.09	48.16	48.21	48.22	48.22	48.21	48.16	48.08
50.65	48.51	48.29	48.26	48.25	48.22	48.17	48.09	48.51	48.37	48.35	48.35	48.34	48.31	48.26	48.17	48.29	48.35	48.38	48.39	48.39	48.36	48.31	48.21	48.26	48.35	48.39	48.41	48.41	48.38	48.33	48.23	48.25	48.34	48.39	48.41	48.40	48.38	48.33	48.23	48.22	48.31	48.36	48.38	48.38	48.36	48.31	48.21	48.17	48.26	48.31	48.33	48.33	48.31	48.26	48.17	48.09	48.17	48.21	48.23	48.23	48.21	48.17	48.09
50.50	48.50	48.29	48.26	48.25	48.23	48.18	48.10	48.50	48.37	48.36	48.35	48.34	48.32	48.27	48.18	48.29	48.36	48.39	48.40	48.40	48.37	48.31	48.22	48.26	48.35	48.40	48.42	48.41	48.39	48.33	48.24	48.25	48.34	48.40	48.41	48.41	48.39	48.33	48.24	48.23	48.32	48.37	48.39	48.39	48.37	48.31	48.22	48.18	48.27	48.31	48.33	48.33	48.31	48.26	48.17	48.10	48.18	48.22	48.24	48.24	48.22	48.17	48.09
50.44	48.50	48.30	48.27	48.26	48.23	48.18	48.10	48.50	48.38	48.37	48.36	48.35	48.33	48.27	48.18	48.30	48.37	48.40	48.41	48.41	48.38	48.32	48.23	48.27	48.36	48.41	48.43	48.42	48.40	48.34	48.24	48.26	48.35	48.41	48.42	48.42	48.40	48.34	48.24	48.23	48.33	48.38	48.40	48.40	48.37	48.32	48.22	48.18	48.27	48.32	48.34	48.34	48.32	48.27	48.18	48.10	48.18	48.23	48.24	48.24	48.22	48.18	48.10
50.63	48.51	48.30	48.28	48.26	48.24	48.19	48.10	48.51	48.38	48.37	48.37	48.36	48.33	48.28	48.18	48.30	48.37	48.41	48.42	48.41	48.39	48.33	48.23	48.28	48.37	48.42	48.44	48.43	48.41	48.35	48.25	48.26	48.36	48.41	48.43	48.43	48.41	48.35	48.25	48.24	48.33	48.39	48.41	48.41	48.38	48.33	48.23	48.19	48.28	48.33	48.35	48.35	48.33	48.27	48.18	48.10	48.18	48.23	48.25	48.25	48.23	48.18	48.10
50.49	48.51	48.31	48.28	48.27	48.24	48.19	48.11	48.51	48.39	48.38	48.38	48.37	48.34	48.28	48.19	48.31	48.38	48.41	48.43	48.42	48.39	48.34	48.24	48.28	48.38	48.43	48.44	48.44	48.42	48.36	48.26	48.27	48.37	48.42	48.44	48.44	48.41	48.36	48.26	48.24	48.34	48.39	48.42	48.41	48.39	48.33	48.24	48.19	48.28	48.34	48.36	48.36	48.33	48.28	48.19	48.11	48.19	48.24	48.26	48.26	48.24	48.19	48.10
50.56	48.52	48.31	48.29	48.27	48.25	48.20	48.11	48.52	48.40	48.39	48.38	48.37	48.35	48.29	48.20	48.31	48.39	48.42	48.44	48.43	48.40	48.34	48.25	48.29	48.38	48.44	48.45	48.45	48.42	48.37	48.27	48.27	48.37	48.43	48.45	48.45	48.42	48.36	48.26	48.25	48.35	48.40	48.42	48.42	48.40	48.34	48.24	48.20	48.29	48.34	48.37	48.36	48.34	48.29	48.19	48.11	48.20	48.25	48.27	48.26	48.24	48.19	48.11
50.71	48.53	48.32	48.29	48.28	48.25	48.20	48.12	48.53	48.40	48.39	48.39	48.38	48.35	48.30	48.20	48.32	48.39	48.43	48.44	48.44	48.41	48.35	48.25	48.29	48.39	48.44	48.46	48.46	48.43	48.37	48.27	48.28	48.38	48.44	48.46	48.46	48.43	48.37	48.27	48.25	48.35	48.41	48.43	48.43	48.41	48.35	48.25	48.20	48.30	48.35	48.37	48.37	48.35	48.29	48.20	48.12	48.20	48.25	48.27	48.27	48.25	48.20	48.11
50.56	48.53	48.32	48.30	48.28	48.26	48.21	48.12	48.53	48.41	48.40	48.40	48.39	48.36	48.30	48.21	48.32	48.40	48.44	48.45	48.45	48.42	48.36	48.26	48.30	48.40	48.45	48.47	48.47	48.44	48.38	48.28	48.28	48.39	48.45	48.47	48.47	48.44	48.38	48.28	48.26	48.36	48.42	48.44	48.44	48.41	48.35	48.25	48.21	48.30	48.36	48.38	48.38	48.35	48.30	48.20	48.12	48.21	48.26	48.28	48.28	48.25	48.20	48.12
50.62	48.54	48.33	48.30	48.29	48.26	48.21	48.12	48.54	48.41	48.41	48.41	48.39	48.37	48.31	48.21	48.33	48.41	48.45	48.46	48.45	48.43	48.37	48.26	48.30	48.41	48.46	48.48	48.48	48.45	48.39	48.28	48.29	48.39	48.45	48.48	48.47	48.45	48.39	48.28	48.26	48.37	48.43	48.45	48.45	48.42	48.36	48.26	48.21	48.31	48.37	48.39	48.39	48.36	48.30	48.21	48.12	48.21	48.26	48.28	48.28	48.26	48.21	48.12
50.72	48.55	48.34	48.31	48.30	48.27	48.22	48.13	48.55	48.42	48.41	48.41	48.40	48.37	48.31	48.22	48.34	48.41	48.45	48.47	48.46	48.43	48.37	48.27	48.31	48.41	48.47	48.49	48.48	48.46	48.39	48.29	48.30	48.40	48.46	48.48	48.48	48.45	48.39	48.29	48.27	48.37	48.43	48.46	48.45	48.43	48.37	48.26	48.22	48.31	48.37	48.39	48.39	48.37	48.31	48.21	48.13	48.22	48.27	48.29	48.29	48.26	48.21	48.12
50.58	48.55	48.34	48.32	48.30	48.28	48.22	48.13	48.55	48.43	48.42	48.42	48.41	48.38	48.32	48.22	48.34	48.42	48.46	48.48	48.47	48.44	48.38	48.27	48.32	48.42	48.48	48.50	48.49	48.46	48.40	48.29	48.30	48.41	48.47	48.49	48.49	48.46	48.40	48.29	48.28	48.38	48.44	48.46	48.46	48.43	48.37	48.27	48.22	48.32	48.38	48.40	48.40	48.37	48.31	48.22	48.13	48.22	48.27	48.29	48.29	48.27	48.22	48.13
50.44	48.54	48.35	48.32	48.31	48.28	48.22	48.13	48.54	48.43	48.43	48.43	48.42	48.39	48.32	48.22	48.35	48.43	48.47	48.48	48.48	48.45	48.38	48.28	48.32	48.43	48.48	48.51	48.50	48.47	48.41	48.30	48.31	48.42	48.48	48.50	48.50	48.47	48.41	48.30	48.28	48.39	48.45	48.47	48.47	48.44	48.38	48.27	48.22	48.32	48.38	48.41	48.41	48.38	48.32	48.22	48.13	48.22	48.28	48.30	48.30	48.27	48.22	48.13
50.42	48.54	48.35	48.33	48.31	48.29	48.23	48.14	48.54	48.43	48.43	48.43	48.42	48.39	48.33	48.23	48.35	48.43	48.47	48.49	48.48	48.45	48.39	48.28	48.33	48.43	48.49	48.51	48.51	48.48	48.41	48.30	48.31	48.42	48.48	48.51	48.51	48.48	48.41	48.30	48.29	48.39	48.45	48.48	48.48	48.45	48.38	48.28	48.23	48.33	48.39	48.41	48.41	48.38	48.32	48.22	48.14	48.23	48.28	48.30	48.30	48.28	48.22	48.13
50.42	48.54	48.35	48.33	48.32	48.29	48.23	48.14	48.54	48.44	48.44	48.44	48.43	48.40	48.33	48.23	48.35	48.44	48.48	48.50	48.49	48.46	48.39	48.29	48.33	48.44	48.50	48.52	48.52	48.49	48.42	48.31	48.32	48.43	48.49	48.52	48.51	48.49	48.42	48.31	48.29	48.40	48.46	48.49	48.49	48.46	48.39	48.28	48.23	48.33	48.39	48.42	48.42	48.39	48.33	48.23	48.14	48.23	48.29	48.31	48.31	48.28	48.23	48.14
50.41	48.54	48.36	48.34	48.32	48.30	48.24	48.15	48.54	48.44	48.44	48.45	48.44	48.40	48.34	48.24	48.36	48.44	48.49	48.51	48.50	48.47	48.40	48.29	48.34	48.45	48.51	48.53	48.53	48.49	48.43	48.31	48.32	48.44	48.50	48.53	48.52	48.49	48.42	48.31	48.30	48.40	48.47	48.49	48.49	48.46	48.40	48.29	48.24	48.34	48.40	48.43	48.42	48.40	48.34	48.23	48.15	48.24	48.29	48.31	48.31	48.29	48.23	48.14
50.40	48.54	48.36	48.34	48.33	48.30	48.24	48.15	48.54	48.44	48.45	48.45	48.44	48.41	48.35	48.24	48.36	48.45	48.50	48.51	48.51	48.48	48.41	48.30	48.34	48.45	48.51	48.54	48.53	48.50	48.43	48.32	48.33	48.44	48.51	48.53	48.53	48.50	48.43	48.32	48.30	48.41	48.48	48.50	48.50	48.47	48.40	48.29	48.24	48.35	48.41	48.43	48.43	48.40	48.34	48.24	48.15	48.24	48.30	48.32	48.32	48.29	48.24	48.15
50.39	48.54	48.37	48.35	48.34	48.31	48.25	48.15	48.54	48.45	48.45	48.46	48.45	48.42	48.35	48.25	48.37	48.45	48.50	48.52	48.51	48.48	48.41	48.30	48.35	48.46	48.52	48.54	48.54	48.51	48.44	48.32	48.34	48.45	48.51	48.54	48.54	48.51	48.44	48.32	48.31	48.42	48.48	48.51	48.51	48.48	48.41	48.30	48.25	48.35	48.41	48.44	48.44	48.41	48.35	48.24	48.15	48.25	48.30	48.32	48.32	48.30	48.24	48.15
50.43	48.55	48.37	48.35	48.34	48.31	48.25	48.16	48.55	48.45	48.46	48.46	48.45	48.42	48.36	48.25	48.37	48.46	48.51	48.53	48.52	48.49	48.42	48.31	48.35	48.46	48.53	48.55	48.55	48.52	48.45	48.33	48.34	48.45	48.52	48.55	48.55	48.52	48.45	48.33	48.31	48.42	48.49	48.52	48.52	48.49	48.42	48.30	48.25	48.36	48.42	48.45	48.45	48.42	48.35	48.25	48.16	48.25	48.31	48.33	48.33	48.30	48.25	48.15
51.07	48.60	48.38	48.36	48.34	48.31	48.26	48.16	48.60	48.46	48.46	48.47	48.46	48.43	48.36	48.26	48.38	48.46	48.51	48.53	48.53	48.50	48.43	48.31	48.36	48.47	48.53	48.56	48.56	48.53	48.45	48.34	48.34	48.46	48.53	48.56	48.56	48.53	48.45	48.33	48.31	48.43	48.50	48.53	48.53	48.49	48.42	48.31	48.26	48.36	48.43	48.45	48.45	48.42	48.36	48.25	48.16	48.26	48.31	48.34	48.33	48.31	48.25	48.16
51.54	48.65	48.39	48.36	48.35	48.32	48.26	48.16	48.65	48.48	48.47	48.47	48.47	48.43	48.37	48.26	48.39	48.47	48.52	48.54	48.54	48.50	48.43	48.32	48.36	48.47	48.54	48.57	48.57	48.53	48.46	48.34	48.35	48.47	48.54	48.57	48.56	48.53	48.46	48.34	48.32	48.43	48.50	48.53	48.53	48.50	48.43	48.31	48.26	48.37	48.43	48.46	48.46	48.43	48.36	48.26	48.16	48.26	48.32	48.34	48.34	48.31	48.26	48.16
51.19	48.66	48.40	48.37	48.35	48.32	48.26	48.17	48.66	48.49	48.48	48.48	48.47	48.44	48.37	48.26	48.40	48.48	48.53	48.55	48.54	48.51	48.44	48.32	48.37	48.48	48.55	48.58	48.57	48.54	48.46	48.35	48.35	48.47	48.54	48.57	48.57	48.54	48.46	48.34	48.32	48.44	48.51	48.54	48.54	48.51	48.43	48.32	48.26	48.37	48.44	48.46	48.46	48.43	48.37	48.26	48.17	48.26	48.32	48.35	48.34	48.32	48.26	48.16
50.56	48.62	48.40	48.38	48.36	48.33	48.27	48.17	48.62	48.50	48.49	48.49	48.48	48.44	48.38	48.27	48.40	48.49	48.53	48.55	48.55	48.52	48.44	48.33	48.38	48.49	48.55	48.58	48.58	48.54	48.47	48.35	48.36	48.48	48.55	48.58	48.58	48.54	48.47	48.35	48.33	48.44	48.52	48.54	48.54	48.51	48.44	48.32	48.27	48.38	48.44	48.47	48.47	48.44	48.37	48.26	48.17	48.27	48.33	48.35	48.35	48.32	48.26	48.17
50.50	48.60	48.40	48.38	48.36	48.33	48.27	48.17	48.60	48.49	48.49	48.49	48.48	48.45	48.38	48.27	48.40	48.49	48.54	48.56	48.56	48.52	48.45	48.33	48.38	48.49	48.56	48.59	48.59	48.55	48.48	48.36	48.36	48.48	48.56	48.59	48.59	48.55	48.47	48.35	48.33	48.45	48.52	48.55	48.55	48.52	48.44	48.33	48.27	48.38	48.45	48.48	48.47	48.44	48.37	48.27	48.17	48.27	48.33	48.36	48.35	48.33	48.27	48.17
50.48	48.59	48.40	48.38	48.37	48.34	48.28	48.18	48.59	48.49	48.49	48.50	48.49	48.45	48.39	48.28	48.40	48.49	48.55	48.57	48.56	48.53	48.45	48.34	48.38	48.50	48.57	48.60	48.60	48.56	48.48	48.36	48.37	48.49	48.56	48.60	48.59	48.56	48.48	48.36	48.34	48.45	48.53	48.56	48.56	48.52	48.45	48.33	48.28	48.39	48.45	48.48	48.48	48.45	48.38	48.27	48.18	48.28	48.34	48.36	48.36	48.33	48.27	48.17
50.48	48.59	48.41	48.39	48.37	48.34	48.28	48.18	48.59	48.49	48.50	48.50	48.49	48.46	48.39	48.28	48.41	48.50	48.55	48.57	48.57	48.53	48.46	48.34	48.39	48.50	48.57	48.60	48.60	48.56	48.49	48.36	48.37	48.49	48.57	48.60	48.60	48.56	48.48	48.36	48.34	48.46	48.53	48.56	48.56	48.53	48.45	48.34	48.28	48.39	48.46	48.49	48.48	48.45	48.38	48.28	48.18	48.28	48.34	48.36	48.36	48.34	48.28	48.18
50.45	48.59	48.41	48.39	48.38	48.35	48.28	48.18	48.59	48.49	48.50	48.51	48.50	48.46	48.39	48.28	48.41	48.50	48.56	48.58	48.57	48.54	48.46	48.34	48.39	48.51	48.58	48.61	48.61	48.57	48.49	48.37	48.38	48.50	48.57	48.61	48.60	48.57	48.49	48.37	48.35	48.46	48.54	48.57	48.57	48.53	48.46	48.34	48.28	48.39	48.46	48.49	48.49	48.46	48.39	48.28	48.18	48.28	48.34	48.37	48.37	48.34	48.28	48.18
50.44	48.59	48.41	48.39	48.38	48.35	48.29	48.18	48.59	48.50	48.50	48.51	48.50	48.47	48.40	48.29	48.41	48.50	48.56	48.59	48.58	48.54	48.47	48.35	48.39	48.51	48.59	48.62	48.61	48.58	48.50	48.37	48.38	48.50	48.58	48.61	48.61	48.57	48.49	48.37	48.35	48.47	48.54	48.58	48.57	48.54	48.46	48.34	48.29	48.40	48.47	48.50	48.49	48.46	48.39	48.28	48.18	48.29	48.35	48.37	48.37	48.34	48.28	48.18
50.45	48.59	48.42	48.40	48.38	48.35	48.29	48.19	48.59	48.50	48.51	48.52	48.51	48.47	48.40	48.29	48.42	48.51	48.57	48.59	48.58	48.55	48.47	48.35	48.40	48.52	48.59	48.62	48.62	48.58	48.50	48.38	48.38	48.51	48.58	48.62	48.61	48.58	48.50	48.37	48.35	48.47	48.55	48.58	48.58	48.54	48.47	48.35	48.29	48.40	48.47	48.50	48.50	48.47	48.40	48.28	48.19	48.29	48.35	48.38	48.37	48.35	48.28	48.19
50.50	48.60	48.42	48.40	48.39	48.36	48.29	48.19	48.60	48.51	48.51	48.52	48.51	48.48	48.41	48.29	48.42	48.51	48.57	48.60	48.59	48.55	48.47	48.35	48.40	48.52	48.60	48.63	48.62	48.59	48.51	48.38	48.39	48.51	48.59	48.62	48.62	48.58	48.50	48.38	48.36	48.48	48.55	48.59	48.58	48.55	48.47	48.35	48.29	48.41	48.47	48.51	48.50	48.47	48.40	48.29	48.19	48.29	48.35	48.38	48.38	48.35	48.29	48.19
51.13	48.64	48.42	48.41	48.39	48.36	48.30	48.20	48.64	48.51	48.52	48.53	48.52	48.48	48.41	48.30	48.42	48.52	48.58	48.60	48.59	48.56	48.48	48.36	48.41	48.53	48.60	48.63	48.63	48.59	48.51	48.38	48.39	48.52	48.59	48.63	48.62	48.59	48.51	48.38	48.36	48.48	48.56	48.59	48.59	48.55	48.48	48.36	48.30	48.41	48.48	48.51	48.51	48.48	48.41	48.29	48.20	48.30	48.36	48.38	48.38	48.36	48.29	48.19
51.49	48.69	48.43	48.41	48.40	48.36	48.30	48.20	48.69	48.53	48.52	48.53	48.52	48.49	48.41	48.30	48.43	48.52	48.58	48.61	48.60	48.56	48.48	48.36	48.41	48.53	48.61	48.64	48.63	48.59	48.51	48.39	48.40	48.52	48.60	48.63	48.63	48.59	48.51	48.39	48.36	48.49	48.56	48.59	48.59	48.56	48.48	48.36	48.30	48.41	48.48	48.51	48.51	48.48	48.41	48.30	48.20	48.30	48.36	48.39	48.39	48.36	48.30	48.19
51.20	48.69	48.44	48.42	48.40	48.37	48.30	48.20	48.69	48.54	48.53	48.54	48.53	48.49	48.42	48.30	48.44	48.53	48.59	48.61	48.60	48.57	48.49	48.36	48.42	48.54	48.61	48.64	48.64	48.60	48.52	48.39	48.40	48.53	48.60	48.64	48.63	48.60	48.52	48.39	48.37	48.49	48.57	48.60	48.60	48.56	48.48	48.36	48.30	48.42	48.49	48.52	48.52	48.48	48.41	48.30	48.20	48.30	48.36	48.39	48.39	48.36	48.30	48.20
50.57	48.65	48.45	48.42	48.40	48.37	48.31	48.20	48.65	48.54	48.54	48.54	48.53	48.49	48.42	48.31	48.45	48.54	48.59	48.62	48.61	48.57	48.49	48.37	48.42	48.54	48.62	48.65	48.64	48.60	48.52	48.39	48.40	48.53	48.61	48.64	48.64	48.60	48.52	48.39	48.37	48.49	48.57	48.60	48.60	48.57	48.49	48.37	48.31	48.42	48.49	48.52	48.52	48.49	48.42	48.30	48.20	48.31	48.37	48.39	48.39	48.37	48.30	48.20
50.72	48.64	48.45	48.42	48.41	48.38	48.31	48.21	48.64	48.54	48.54	48.55	48.54	48.50	48.42	48.31	48.45	48.54	48.60	48.62	48.61	48.58	48.50	48.37	48.42	48.55	48.62	48.65	48.65	48.61	48.53	48.40	48.41	48.54	48.61	48.65	48.64	48.61	48.53	48.40	48.38	48.50	48.58	48.61	48.61	48.57	48.49	48.37	48.31	48.42	48.50	48.53	48.53	48.49	48.42	48.31	48.21	48.31	48.37	48.40	48.40	48.37	48.31	48.20
50.74	48.65	48.45	48.43	48.41	48.38	48.31	48.21	48.65	48.54	48.54	48.55	48.54	48.50	48.43	48.31	48.45	48.54	48.60	48.63	48.62	48.58	48.50	48.37	48.43	48.55	48.63	48.66	48.65	48.61	48.53	48.40	48.41	48.54	48.62	48.65	48.65	48.61	48.53	48.40	48.38	48.50	48.58	48.61	48.61	48.58	48.50	48.37	48.31	48.43	48.50	48.53	48.53	48.50	48.42	48.31	48.21	48.31	48.37	48.40	48.40	48.37	48.31	48.21
50.76	48.65	48.45	48.43	48.41	48.38	48.31	48.21	48.65	48.54	48.55	48.55	48.54	48.50	48.43	48.31	48.45	48.55	48.60	48.63	48.62	48.58	48.50	48.38	48.43	48.55	48.63	48.66	48.66	48.62	48.53	48.40	48.41	48.54	48.62	48.66	48.65	48.61	48.53	48.40	48.38	48.50	48.58	48.62	48.61	48.58	48.50	48.38	48.31	48.43	48.50	48.53	48.53	48.50	48.43	48.31	48.21	48.31	48.38	48.40	48.40	48.38	48.31	48.21
50.77	48.65	48.45	48.43	48.42	48.38	48.32	48.21	48.65	48.54	48.55	48.56	48.55	48.51	48.43	48.31	48.45	48.55	48.61	48.63	48.63	48.59	48.51	48.38	48.43	48.56	48.63	48.66	48.66	48.62	48.54	48.40	48.42	48.55	48.63	48.66	48.66	48.62	48.54	48.40	48.38	48.51	48.59	48.62	48.62	48.58	48.50	48.38	48.32	48.43	48.51	48.54	48.54	48.50	48.43	48.31	48.21	48.31	48.38	48.40	48.40	48.38	48.31	48.21
50.61	48.64	48.45	48.44	48.42	48.39	48.32	48.21	48.64	48.54	48.55	48.56	48.55	48.51	48.43	48.32	48.45	48.55	48.61	48.64	48.63	48.59	48.51	48.38	48.44	48.56	48.64	48.67	48.66	48.62	48.54	48.41	48.42	48.55	48.63	48.66	48.66	48.62	48.54	48.41	48.39	48.51	48.59	48.62	48.62	48.59	48.50	48.38	48.32	48.43	48.51	48.54	48.54	48.50	48.43	48.32	48.21	48.32	48.38	48.41	48.41	48.38	48.32	48.21
50.55	48.64	48.45	48.44	48.42	48.39	48.32	48.22	48.64	48.54	48.55	48.56	48.55	48.51	48.44	48.32	48.45	48.55	48.62	48.64	48.63	48.59	48.51	48.38	48.44	48.56	48.64	48.67	48.67	48.63	48.54	48.41	48.42	48.55	48.63	48.67	48.67	48.63	48.54	48.41	48.39	48.51	48.59	48.63	48.63	48.59	48.51	48.38	48.32	48.44	48.51	48.54	48.54	48.51	48.43	48.32	48.22	48.32	48.38	48.41	48.41	48.38	48.32	48.21
50.51	48.63	48.46	48.44	48.42	48.39	48.32	48.22	48.63	48.54	48.55	48.56	48.56	48.52	48.44	48.32	48.46	48.55	48.62	48.64	48.64	48.60	48.51	48.39	48.44	48.56	48.64	48.68	48.67	48.63	48.55	48.41	48.42	48.56	48.64	48.67	48.67	48.63	48.54	48.41	48.39	48.52	48.60	48.63	48.63	48.59	48.51	48.38	48.32	48.44	48.51	48.55	48.54	48.51	48.44	48.32	48.22	48.32	48.39	48.41	48.41	48.38	48.32	48.21
50.51	48.63	48.46	48.44	48.43	48.39	48.33	48.22	48.63	48.54	48.56	48.57	48.56	48.52	48.44	48.32	48.46	48.56	48.62	48.65	48.64	48.60	48.52	48.39	48.44	48.57	48.65	48.68	48.68	48.64	48.55	48.41	48.43	48.56	48.64	48.68	48.67	48.63	48.55	48.41	48.39	48.52	48.60	48.64	48.63	48.59	48.51	48.39	48.33	48.44	48.52	48.55	48.55	48.51	48.44	48.32	48.22	48.32	48.39	48.41	48.41	48.39	48.32	48.22
50.50	48.63	48.46	48.44	48.43	48.40	48.33	48.22	48.63	48.54	48.56	48.57	48.56	48.52	48.45	48.33	48.46	48.56	48.62	48.65	48.64	48.60	48.52	48.39	48.44	48.57	48.65	48.69	48.68	48.64	48.55	48.42	48.43	48.56	48.64	48.68	48.68	48.64	48.55	48.42	48.40	48.52	48.60	48.64	48.64	48.60	48.52	48.39	48.33	48.45	48.52	48.55	48.55	48.52	48.44	48.32	48.22	48.33	48.39	48.42	48.42	48.39	48.32	48.22
50.49	48.63	48.46	48.44	48.43	48.40	48.33	48.22	48.63	48.55	48.56	48.57	48.56	48.53	48.45	48.33	48.46	48.56	48.63	48.65	48.65	48.61	48.52	48.39	48.44	48.57	48.65	48.69	48.68	48.64	48.55	48.42	48.43	48.56	48.65	48.68	48.68	48.64	48.55	48.42	48.40	48.53	48.61	48.64	48.64	48.60	48.52	48.39	48.33	48.45	48.52	48.55	48.55	48.52	48.44	48.32	48.22	48.33	48.39	48.42	48.42	48.39	48.32	48.22
50.50	48.63	48.46	48.45	48.43	48.40	48.33	48.22	48.63	48.55	48.56	48.58	48.57	48.53	48.45	48.33	48.46	48.56	48.63	48.66	48.65	48.61	48.52	48.39	48.45	48.58	48.66	48.69	48.69	48.64	48.56	48.42	48.43	48.57	48.65	48.69	48.68	48.64	48.56	48.42	48.40	48.53	48.61	48.64	48.64	48.60	48.52	48.39	48.33	48.45	48.52	48.56	48.56	48.52	48.44	48.33	48.22	48.33	48.39	48.42	48.42	48.39	48.33	48.22
50.52	48.63	48.46	48.45	48.43	48.40	48.33	48.22	48.63	48.55	48.56	48.58	48.57	48.53	48.45	48.33	48.46	48.56	48.63	48.66	48.65	48.61	48.53	48.40	48.45	48.58	48.66	48.69	48.69	48.65	48.56	48.42	48.43	48.57	48.65	48.69	48.69	48.65	48.56	48.42	48.40	48.53	48.61	48.65	48.65	48.61	48.52	48.39	48.33	48.45	48.53	48.56	48.56	48.52	48.45	48.33	48.22	48.33	48.40	48.42	48.42	48.39	48.33	48.22
50.54	48.63	48.46	48.45	48.44	48.40	48.33	48.22	48.63	48.55	48.56	48.58	48.57	48.53	48.45	48.33	48.46	48.56	48.63	48.66	48.65	48.61	48.53	48.40	48.45	48.58	48.66	48.69	48.69	48.65	48.56	48.43	48.44	48.57	48.65	48.69	48.69	48.65	48.56	48.42	48.40	48.53	48.61	48.65	48.65	48.61	48.52	48.39	48.33	48.45	48.53	48.56	48.56	48.52	48.45	48.33	48.22	48.33	48.40	48.43	48.42	48.39	48.33	48.22
50.54	48.63	48.46	48.45	48.44	48.40	48.33	48.23	48.63	48.55	48.56	48.58	48.57	48.53	48.46	48.33	48.46	48.56	48.63	48.66	48.66	48.62	48.53	48.40	48.45	48.58	48.66	48.70	48.70	48.65	48.56	48.43	48.44	48.57	48.66	48.70	48.69	48.65	48.56	48.43	48.40	48.53	48.62	48.65	48.65	48.61	48.52	48.40	48.33	48.46	48.53	48.56	48.56	48.52	48.45	48.33	48.23	48.33	48.40	48.43	48.43	48.40	48.33	48.22
50.54	48.64	48.47	48.45	48.44	48.41	48.34	48.23	48.64	48.55	48.57	48.58	48.58	48.54	48.46	48.34	48.47	48.57	48.64	48.67	48.66	48.62	48.53	48.40	48.45	48.58	48.67	48.70	48.70	48.66	48.57	48.43	48.44	48.58	48.66	48.70	48.70	48.65	48.56	48.43	48.41	48.54	48.62	48.66	48.65	48.61	48.53	48.40	48.34	48.46	48.53	48.57	48.56	48.53	48.45	48.33	48.23	48.34	48.40	48.43	48.43	48.40	48.33	48.22
50.54	48.64	48.47	48.46	48.44	48.41	48.34	48.23	48.64	48.56	48.57	48.59	48.58	48.54	48.46	48.34	48.47	48.57	48.64	48.67	48.66	48.62	48.53	48.40	48.46	48.59	48.67	48.70	48.70	48.66	48.57	48.43	48.44	48.58	48.66	48.70	48.70	48.66	48.57	48.43	48.41	48.54	48.62	48.66	48.66	48.62	48.53	48.40	48.34	48.46	48.53	48.57	48.57	48.53	48.45	48.33	48.23	48.34	48.40	48.43	48.43	48.40	48.33	48.22
50.54	48.64	48.47	48.46	48.44	48.41	48.34	48.23	48.64	48.56	48.57	48.59	48.58	48.54	48.46	48.34	48.47	48.57	48.64	48.67	48.67	48.62	48.54	48.41	48.46	48.59	48.67	48.70	48.70	48.66	48.57	48.43	48.44	48.58	48.67	48.70	48.70	48.66	48.57	48.43	48.41	48.54	48.62	48.66	48.66	48.62	48.53	48.40	48.34	48.46	48.54	48.57	48.57	48.53	48.46	48.33	48.23	48.34	48.41	48.43	48.43	48.40	48.33	48.23
50.54	48.64	48.47	48.46	48.44	48.41	48.34	48.23	48.64	48.56	48.57	48.59	48.58	48.54	48.46	48.34	48.47	48.57	48.64	48.67	48.67	48.62	48.54	48.41	48.46	48.59	48.67	48.71	48.70	48.66	48.57	48.43	48.44	48.58	48.67	48.70	48.70	48.66	48.57	48.43	48.41	48.54	48.62	48.66	48.66	48.62	48.53	48.40	48.34	48.46	48.54	48.57	48.57	48.53	48.46	48.34	48.23	48.34	48.41	48.43	48.43	48.40	48.34	48.23
50.53	48.64	48.47	48.46	48.44	48.41	48.34	48.23	48.64	48.56	48.57	48.59	48.58	48.54	48.46	48.34	48.47	48.57	48.64	48.67	48.67	48.63	48.54	48.41	48.46	48.59	48.67	48.71	48.71	48.66	48.57	48.43	48.44	48.58	48.67	48.71	48.70	48.66	48.57	48.43	48.41	48.54	48.63	48.66	48.66	48.62	48.53	48.40	48.34	48.46	48.54	48.57	48.57	48.53	48.46	48.34	48.23	48.34	48.41	48.43	48.43	48.40	48.34	48.23
50.55	48.64	48.47	48.46	48.45	48.41	48.34	48.24	48.64	48.56	48.58	48.59	48.58	48.54	48.47	48.34	48.47	48.58	48.65	48.68	48.67	48.63	48.54	48.41	48.46	48.59	48.68	48.71	48.71	48.66	48.57	48.44	48.45	48.58	48.67	48.71	48.70	48.66	48.57	48.43	48.41	48.54	48.63	48.66	48.66	48.62	48.54	48.41	48.34	48.47	48.54	48.57	48.57	48.54	48.46	48.34	48.24	48.34	48.41	48.44	48.43	48.41	48.34	48.23
50.54	48.64	48.47	48.46	48.45	48.42	48.35	48.24	48.64	48.56	48.58	48.60	48.59	48.55	48.47	48.35	48.47	48.58	48.65	48.68	48.67	48.63	48.54	48.41	48.46	48.60	48.68	48.71	48.71	48.67	48.58	48.44	48.45	48.59	48.67	48.71	48.71	48.66	48.58	48.44	48.42	48.55	48.63	48.67	48.66	48.62	48.54	48.41	48.35	48.47	48.54	48.58	48.58	48.54	48.46	48.34	48.24	48.35	48.41	48.44	48.44	48.41	48.34	48.23
50.53	48.64	48.48	48.46	48.45	48.42	48.35	48.24	48.64	48.56	48.58	48.60	48.59	48.55	48.47	48.35	48.48	48.58	48.65	48.68	48.67	48.63	48.55	48.41	48.46	48.60	48.68	48.71	48.71	48.67	48.58	48.44	48.45	48.59	48.67	48.71	48.71	48.67	48.58	48.44	48.42	48.55	48.63	48.67	48.67	48.62	48.54	48.41	48.35	48.47	48.55	48.58	48.58	48.54	48.46	48.34	48.24	48.35	48.41	48.44	48.44	48.41	48.34	48.23
50.51	48.65	48.48	48.47	48.45	48.42	48.35	48.24	48.65	48.56	48.58	48.60	48.59	48.55	48.47	48.35	48.48	48.58	48.65	48.68	48.67	48.63	48.55	48.41	48.47	48.60	48.68	48.72	48.71	48.67	48.58	48.44	48.45	48.59	48.67	48.71	48.71	48.67	48.58	48.44	48.42	48.55	48.63	48.67	48.67	48.63	48.54	48.41	48.35	48.47	48.55	48.58	48.58	48.54	48.46	48.34	48.24	48.35	48.41	48.44	48.44	48.41	48.34	48.23
50.52	48.65	48.48	48.47	48.45	48.42	48.35	48.24	48.65	48.56	48.58	48.60	48.59	48.55	48.47	48.35	48.48	48.58	48.65	48.68	48.67	48.63	48.55	48.41	48.47	48.60	48.68	48.72	48.72	48.67	48.58	48.44	48.45	48.59	48.67	48.72	48.71	48.67	48.58	48.44	48.42	48.55	48.63	48.67	48.67	48.63	48.54	48.41	48.35	48.47	48.55	48.58	48.58	48.54	48.47	48.34	48.24	48.35	48.41	48.44	48.44	48.41	48.34	48.24
50.52	48.65	48.48	48.47	48.45	48.42	48.35	48.24	48.65	48.57	48.58	48.60	48.59	48.55	48.47	48.35	48.48	48.58	48.65	48.68	48.68	48.63	48.55	48.41	48.47	48.60	48.68	48.72	48.72	48.67	48.58	48.44	48.45	48.59	48.68	48.72	48.71	48.67	48.58	48.44	48.42	48.55	48.63	48.67	48.67	48.63	48.54	48.41	48.35	48.47	48.55	48.58	48.58	48.54	48.47	48.35	48.24	48.35	48.41	48.44	48.44	48.41	48.35	48.24
50.52	48.65	48.48	48.47	48.45	48.42	48.35	48.24	48.65	48.57	48.58	48.60	48.59	48.55	48.47	48.35	48.48	48.58	48.66	48.69	48.68	48.63	48.55	48.41	48.47	48.60	48.69	48.72	48.72	48.67	48.58	48.44	48.45	48.59	48.68	48.72	48.71	48.67	48.58	48.44	48.42	48.55	48.63	48.67	48.67	48.63	48.54	48.41	48.35	48.47	48.55	48.58	48.58	48.54	48.47	48.35	48.24	48.35	48.41	48.44	48.44	48.41	48.35	48.24
50.51	48.65	48.48	48.47	48.45	48.42	48.35	48.24	48.65	48.57	48.59	48.60	48.59	48.55	48.47	48.35	48.48	48.59	48.66	48.69	48.68	48.64	48.55	48.41	48.47	48.60	48.69	48.72	48.72	48.67	48.58	48.44	48.45	48.59	48.68	48.72	48.72	48.67	48.58	48.44	48.42	48.55	48.64	48.67	48.67	48.63	48.55	48.41	48.35	48.47	48.55	48.58	48.58	48.55	48.47	48.35	48.24	48.35	48.41	48.44	48.44	48.41	48.35	48.24
50.52	48.65	48.48	48.47	48.46	48.42	48.35	48.24	48.65	48.57	48.59	48.60	48.59	48.55	48.47	48.35	48.48	48.59	48.66	48.69	48.68	48.64	48.55	48.42	48.47	48.60	48.69	48.72	48.72	48.67	48.58	48.44	48.46	48.59	48.68	48.72	48.72	48.67	48.58	48.44	48.42	48.55	48.64	48.67	48.67	48.63	48.55	48.41	48.35	48.47	48.55	48.58	48.58	48.55	48.47	48.35	48.24	48.35	48.42	48.44	48.44	48.41	48.35	48.24
50.52	48.65	48.48	48.47	48.46	48.42	48.35	48.24	48.65	48.57	48.59	48.61	48.60	48.55	48.47	48.35	48.48	48.59	48.66	48.69	48.68	48.64	48.55	48.42	48.47	48.61	48.69	48.72	48.72	48.67	48.58	48.45	48.46	48.60	48.68	48.72	48.72	48.67	48.59	48.44	48.42	48.55	48.64	48.67	48.67	48.63	48.55	48.42	48.35	48.47	48.55	48.58	48.59	48.55	48.47	48.35	48.24	48.35	48.42	48.45	48.44	48.42	48.35	48.24
50.53	48.65	48.48	48.47	48.46	48.42	48.35	48.24	48.65	48.57	48.59	48.61	48.60	48.55	48.47	48.35	48.48	48.59	48.66	48.69	48.68	48.64	48.55	48.42	48.47	48.61	48.69	48.73	48.72	48.68	48.59	48.45	48.46	48.60	48.68	48.72	48.72	48.68	48.59	48.45	48.42	48.55	48.64	48.68	48.68	48.64	48.55	48.42	48.35	48.47	48.55	48.59	48.59	48.55	48.47	48.35	48.24	48.35	48.42	48.45	48.45	48.42	48.35	48.24
50.52	48.65	48.48	48.47	48.46	48.42	48.35	48.24	48.65	48.57	48.59	48.61	48.60	48.55	48.47	48.35	48.48	48.59	48.66	48.69	48.68	48.64	48.55	48.42	48.47	48.61	48.69	48.73	48.72	48.68	48.59	48.45	48.46	48.60	48.68	48.72	48.72	48.68	48.59	48.45	48.42	48.55	48.64	48.68	48.68	48.64	48.55	48.42	48.35	48.47	48.55	48.59	48.59	48.55	48.47	48.35	48.24	48.35	48.42	48.45	48.45	48.42	48.35	48.24
50.52	48.65	48.48	48.47	48.46	48.42	48.35	48.24	48.65	48.57	48.59	48.61	48.60	48.55	48.47	48.35	48.48	48.59	48.66	48.69	48.68	48.64	48.55	48.42	48.47	48.61	48.69	48.73	48.72	48.68	48.59	48.45	48.46	48.60	48.68	48.72	48.72	48.68	48.59	48.45	48.42	48.55	48.64	48.68	48.68	48.64	48.55	48.42	48.35	48.47	48.55	48.59	48.59	48.55	48.47	48.35	48.24	48.35	48.42	48.45	48.45	48.42	48.35	48.24
