6.41406 -0.0140625 -6.4 0 0 0 0 0 0 0 0 0 0 0 0 0 0 0 0 0 
-0.0140625 6.41406 0 -6.4 0 0 0 0 0 0 0 0 0 0 0 0 0 0 0 0 
-6.4 0 8.32008 -7.5e-05 -1.92 0 0 0 0 0 0 0 0 0 0 0 0 0 0 0 
0 -6.4 -7.5e-05 8.32008 0 -1.92 0 0 0 0 0 0 0 0 0 0 0 0 0 0 
0 0 -1.92 0 6.99711 -0.375 -3.84 0 -0.351351 0 -0.255377 -0.255377 0 0 0 0 0 0 0 0 
0 0 0 -1.92 -0.375 6.99711 0 -3.84 0 -0.351351 -0.255377 -0.255377 0 0 0 0 0 0 0 0 
0 0 0 0 -3.84 0 12.4015 -2.5875 0 0 0 0 -2.42432 0 -1.7621 -1.7621 0 0 0 0 
0 0 0 0 0 -3.84 -2.5875 12.4015 0 0 0 0 0 -2.42432 -1.7621 -1.7621 0 0 0 0 
0 0 0 0 -0.351351 0 0 0 78.2314 0 0 0 -77.88 0 0 0 0 0 0 0 
0 0 0 0 0 -0.351351 0 0 0 78.2314 0 0 0 -77.88 0 0 0 0 0 0 
0 0 0 0 -0.255377 -0.255377 0 0 0 0 98.7908 0 0 0 -98.28 0 0 0 0 0 
0 0 0 0 -0.255377 -0.255377 0 0 0 0 0 98.7908 0 0 0 -98.28 0 0 0 0 
0 0 0 0 0 0 -2.42432 0 -77.88 0 0 0 86.9029 0 0 0 -6.08246 0 0 0 
0 0 0 0 0 0 0 -2.42432 0 -77.88 0 0 0 86.9029 0 0 0 -6.08246 0 0 
0 0 0 0 0 0 -1.7621 -1.7621 0 0 -98.28 0 0 0 108.205 0 0 0 -5.74901 0 
0 0 0 0 0 0 -1.7621 -1.7621 0 0 0 -98.28 0 0 0 108.205 0 0 0 -5.74901 
0 0 0 0 0 0 0 0 0 0 0 0 -6.08246 0 0 0 7.87173 0 0 0 
0 0 0 0 0 0 0 0 0 0 0 0 0 -6.08246 0 0 0 7.87173 0 0 
0 0 0 0 0 0 0 0 0 0 0 0 0 0 -5.74901 0 0 0 7.53827 0 
0 0 0 0 0 0 0 0 0 0 0 0 0 0 0 -5.74901 0 0 0 7.53827 
