0.0780625 -0.0140625 -0.064 0 0 0 0 0 0 0 0 0 0 0 0 0 0 0 0 0 
-0.0140625 0.0780625 0 -0.064 0 0 0 0 0 0 0 0 0 0 0 0 0 0 0 0 
-0.064 0 0.083275 -7.5e-05 -0.0192 0 0 0 0 0 0 0 0 0 0 0 0 0 0 0 
0 -0.064 -7.5e-05 0.083275 0 -0.0192 0 0 0 0 0 0 0 0 0 0 0 0 0 0 
0 0 -0.0192 0 1.04563 -0.375 -0.0384 0 -0.269634 0 -0.171699 -0.171699 0 0 0 0 0 0 0 0 
0 0 0 -0.0192 -0.375 1.04563 0 -0.0384 0 -0.269634 -0.171699 -0.171699 0 0 0 0 0 0 0 0 
0 0 0 0 -0.0384 0 6.85608 -2.5875 0 0 0 0 -1.86047 0 -1.18473 -1.18473 0 0 0 0 
0 0 0 0 0 -0.0384 -2.5875 6.85608 0 0 0 0 0 -1.86047 -1.18473 -1.18473 0 0 0 0 
0 0 0 0 -0.269634 0 0 0 89.2304 0 0 0 -88.9608 0 0 0 0 0 0 0 
0 0 0 0 0 -0.269634 0 0 0 89.2304 0 0 0 -88.9608 0 0 0 0 0 0 
0 0 0 0 -0.171699 -0.171699 0 0 0 0 91.3442 0 0 0 -91.0008 0 0 0 0 0 
0 0 0 0 -0.171699 -0.171699 0 0 0 0 0 91.3442 0 0 0 -91.0008 0 0 0 0 
0 0 0 0 0 0 -1.86047 0 -88.9608 0 0 0 96.6666 0 0 0 -5.25576 0 0 0 
0 0 0 0 0 0 0 -1.86047 0 -88.9608 0 0 0 96.6666 0 0 0 -5.25576 0 0 
0 0 0 0 0 0 -1.18473 -1.18473 0 0 -91.0008 0 0 0 99.2038 0 0 0 -5.23054 0 
0 0 0 0 0 0 -1.18473 -1.18473 0 0 0 -91.0008 0 0 0 99.2038 0 0 0 -5.23054 
0 0 0 0 0 0 0 0 0 0 0 0 -5.25576 0 0 0 7.04502 0 0 0 
0 0 0 0 0 0 0 0 0 0 0 0 0 -5.25576 0 0 0 7.04502 0 0 
0 0 0 0 0 0 0 0 0 0 0 0 0 0 -5.23054 0 0 0 7.01981 0 
0 0 0 0 0 0 0 0 0 0 0 0 0 0 0 -5.23054 0 0 0 7.01981 
